System Base         ;                    ;             ;000001;KROP SLA                ;                    ;0001,10;0;1;PZ   ;01;01;00;000;00;      ;000;000;000;15;00000       ;000;000;000;000;000;000;000;000;000;000;000;000;000;000;000;000;000;000;000;000;00
System Base         ;                    ;             ;000002;GEMENGDE SLA            ;                    ;0014,74;0;0;kg   ;01;01;00;000;00;      ;000;000;000;00;000000000000;000;000;000;000;000;000;000;000;000;000;000;000;000;000;000;000;000;000;000;000;00
System Base         ;                    ;             ;000003;LOLO BIONDA             ;                    ;0001,35;0;1;PZ   ;01;01;00;000;00;      ;000;000;000;11;00000       ;000;000;000;000;000;000;000;000;000;000;000;000;000;000;000;000;000;000;000;000;00
System Base         ;                    ;             ;000004;WITLOOF GROND           ;                    ;0004,95;0;0;kg   ;02;01;00;000;00;      ;000;000;000;00;000000000000;000;000;000;000;000;000;000;000;000;000;000;000;000;000;000;000;000;000;000;000;00
System Base         ;                    ;             ;000005;WITLOOF WATER           ;                    ;0002,60;0;0;kg   ;02;01;00;000;00;      ;000;000;000;00;000000000000;000;000;000;000;000;000;000;000;000;000;000;000;000;000;000;000;000;000;000;000;00
System Base         ;                    ;             ;000006;PREI LOS                ;                    ;0003,05;0;0;kg   ;02;01;00;000;00;      ;000;000;000;00;000000000000;000;000;000;000;000;000;000;000;000;000;000;000;000;000;000;000;000;000;000;000;00
System Base         ;                    ;             ;000007;PREI BUSSEL             ;                    ;0003,60;0;1;PZ   ;02;01;00;000;00;      ;000;000;000;00;000000      ;000;000;000;000;000;000;000;000;000;000;000;000;000;000;000;000;000;000;000;000;00
System Base         ;                    ;             ;000008;WITTE SELDER            ;                    ;0002,80;0;1;PZ   ;02;01;00;000;00;      ;000;000;000;00;000000      ;000;000;000;000;000;000;000;000;000;000;000;000;000;000;000;000;000;000;000;000;00
System Base         ;                    ;             ;000009;GROENE SELDER           ;                    ;0002,15;0;1;PZ   ;02;01;00;000;00;      ;000;000;000;00;000000      ;000;000;000;000;000;000;000;000;000;000;000;000;000;000;000;000;000;000;000;000;00
System Base         ;                    ;             ;000010;JONGE WORTEL LOS        ;                    ;0001,35;0;0;kg   ;02;01;00;000;00;      ;000;000;000;00;000000000000;000;000;000;000;000;000;000;000;000;000;000;000;000;000;000;000;000;000;000;000;00
System Base         ;                    ;             ;000011;WORTEL BUSSEL           ;                    ;0001,70;0;1;PZ   ;02;01;00;000;00;      ;000;000;000;00;000000000000;000;000;000;000;000;000;000;000;000;000;000;000;000;000;000;000;000;000;000;000;00
System Base         ;                    ;             ;000012;AJUIN LOS               ;                    ;0001,88;0;0;kg   ;02;01;00;000;00;      ;000;000;000;00;000000      ;000;000;000;000;000;000;000;000;000;000;000;000;000;000;000;000;000;000;000;000;00
System Base         ;                    ;             ;000013;BONKAJUIN               ;                    ;0001,98;0;0;kg   ;02;01;00;000;00;      ;000;000;000;00;000000000000;000;000;000;000;000;000;000;000;000;000;000;000;000;000;000;000;000;000;000;000;00
System Base         ;                    ;             ;000014;ASPERGES                ;                    ;0008,85;0;0;kg   ;02;01;00;000;00;      ;000;000;000;00;000000      ;000;000;000;000;000;000;000;000;000;000;000;000;000;000;000;000;000;000;000;000;00
System Base         ;                    ;             ;000015;PIJPAJUIN LENTE UI      ;                    ;0000,99;0;1;PZ   ;02;01;00;000;00;      ;000;000;000;00;000000000000;000;000;000;000;000;000;000;000;000;000;000;000;000;000;000;000;000;000;000;000;00
System Base         ;                    ;             ;000016;BINTJES                 ;                    ;0001,10;0;0;kg   ;02;01;00;000;00;      ;000;000;000;00;000000000000;000;000;000;000;000;000;000;000;000;000;000;000;000;000;000;000;000;000;000;000;00
System Base         ;                    ;             ;000017;AARDAPPEL NICOLA        ;                    ;0004,60;0;1;PZ   ;02;01;00;000;00;      ;000;000;000;00;000000      ;000;000;000;000;000;000;000;000;000;000;000;000;000;000;000;000;000;000;000;000;00
System Base         ;                    ;             ;000018;BLOEMKOOL               ;                    ;0002,50;0;1;PZ   ;03;01;00;000;00;      ;000;000;000;00;000000000000;000;000;000;000;000;000;000;000;000;000;000;000;000;000;000;000;000;000;000;000;00
System Base         ;                    ;             ;000019;BROCOLLI                ;                    ;0001,45;0;1;PZ   ;03;01;00;000;00;      ;000;000;000;00;000000000000;000;000;000;000;000;000;000;000;000;000;000;000;000;000;000;000;000;000;000;000;00
System Base         ;                    ;             ;000020;SPRUITEN                ;                    ;0003,60;0;0;kg   ;03;01;00;000;00;      ;000;000;000;00;000000000000;000;000;000;000;000;000;000;000;000;000;000;000;000;000;000;000;000;000;000;000;00
System Base         ;                    ;             ;000021;TOMAAT LYCOPEEN         ;                    ;0004,05;0;0;kg   ;04;01;00;000;00;      ;000;000;000;00;000000      ;000;000;000;000;000;000;000;000;000;000;000;000;000;000;000;000;000;000;000;000;00
System Base         ;                    ;             ;000022;KOMKOMMER               ;                    ;0000,99;0;1;PZ   ;04;01;00;000;00;      ;000;000;000;00;000000      ;000;000;000;000;000;000;000;000;000;000;000;000;000;000;000;000;000;000;000;000;00
System Base         ;                    ;             ;000023;PAPRIKA MIX             ;                    ;0004,50;0;0;kg   ;04;01;00;000;00;      ;000;000;000;00;000000      ;000;000;000;000;000;000;000;000;000;000;000;000;000;000;000;000;000;000;000;000;00
System Base         ;                    ;             ;000024;COURGETTE               ;                    ;0001,35;0;1;PZ   ;04;01;00;000;00;      ;000;000;000;00;000000      ;000;000;000;000;000;000;000;000;000;000;000;000;000;000;000;000;000;000;000;000;00
System Base         ;                    ;             ;000025;BELG. VLEESTOMAAT       ;                    ;0001,45;0;0;kg   ;04;01;00;000;00;      ;000;000;000;00;000000      ;000;000;000;000;000;000;000;000;000;000;000;000;000;000;000;000;000;000;000;000;00
System Base         ;                    ;             ;000026;HONINGTOMAAT            ;                    ;0022,00;0;0;kg   ;04;01;00;000;00;      ;000;000;000;00;000000000000;000;000;000;000;000;000;000;000;000;000;000;000;000;000;000;000;000;000;000;000;00
System Base         ;                    ;             ;000027;MINISTAR DOOSJE         ;                    ;0001,98;0;1;PZ   ;04;01;00;000;00;      ;000;000;000;00;000000000000;000;000;000;000;000;000;000;000;000;000;000;000;000;000;000;000;000;000;000;000;00
System Base         ;                    ;             ;000028;BANAAN                  ;                    ;0002,60;0;0;kg   ;05;01;00;000;00;      ;000;000;000;00;000000000000;000;000;000;000;000;000;000;000;000;000;000;000;000;000;000;000;000;000;000;000;00
System Base         ;                    ;             ;000029;MANGO KENT              ;                    ;0004,99;0;1;PZ   ;05;01;00;000;00;      ;000;000;000;00;000000000000;000;000;000;000;000;000;000;000;000;000;000;000;000;000;000;000;000;000;000;000;00
System Base         ;                    ;             ;000030;PASSIEVRUCHT VIETNAM    ;                    ;0001,50;0;1;PZ   ;05;01;00;000;00;      ;000;000;000;00;000000000000;000;000;000;000;000;000;000;000;000;000;000;000;000;000;000;000;000;000;000;000;00
System Base         ;                    ;             ;000031;FRAMBOOS                ;                    ;0003,24;0;1;PZ   ;05;01;00;000;00;      ;000;000;000;00;000000      ;000;000;000;000;000;000;000;000;000;000;000;000;000;000;000;000;000;000;000;000;00
System Base         ;                    ;             ;000032;BOSBES                  ;                    ;0002,70;0;1;PZ   ;05;01;00;000;00;      ;000;000;000;00;000000      ;000;000;000;000;000;000;000;000;000;000;000;000;000;000;000;000;000;000;000;000;00
System Base         ;                    ;             ;000033;RODE BES                ;                    ;0005,60;0;1;PZ   ;05;01;00;000;00;      ;000;000;000;00;000000000000;000;000;000;000;000;000;000;000;000;000;000;000;000;000;000;000;000;000;000;000;00
System Base         ;                    ;             ;000034;BRAMEN                  ;                    ;0002,10;0;1;PZ   ;05;01;00;000;00;      ;000;000;000;00;000000      ;000;000;000;000;000;000;000;000;000;000;000;000;000;000;000;000;000;000;000;000;00
System Base         ;                    ;             ;000035;PINK LADY               ;                    ;0003,99;0;0;kg   ;05;01;00;000;00;      ;000;000;000;00;000000000000;000;000;000;000;000;000;000;000;000;000;000;000;000;000;000;000;000;000;000;000;00
System Base         ;                    ;             ;000036;JONAGOLD                ;                    ;0002,55;0;0;kg   ;05;01;00;000;00;      ;000;000;000;00;000000000000;000;000;000;000;000;000;000;000;000;000;000;000;000;000;000;000;000;000;000;000;00
System Base         ;                    ;             ;000037;ELSTAR                  ;                    ;0002,55;0;0;kg   ;05;01;00;000;00;      ;000;000;000;00;000000000000;000;000;000;000;000;000;000;000;000;000;000;000;000;000;000;000;000;000;000;000;00
System Base         ;                    ;             ;000038;CONFERENCEPEREN         ;                    ;0002,20;0;0;kg   ;05;01;00;000;00;      ;000;000;000;00;000000000000;000;000;000;000;000;000;000;000;000;000;000;000;000;000;000;000;000;000;000;000;00
System Base         ;                    ;             ;000039;APPEL JAZZ              ;                    ;0004,10;0;0;kg   ;05;01;00;000;00;      ;000;000;000;00;000000000000;000;000;000;000;000;000;000;000;000;000;000;000;000;000;000;000;000;000;000;000;00
System Base         ;                    ;             ;000040;PHILIBON MELOEN         ;PHILIBON            ;0005,99;0;1;PZ   ;05;01;00;000;00;      ;000;000;000;00;000000000000;000;000;000;000;000;000;000;000;000;000;000;000;000;000;000;000;000;000;000;000;00
System Base         ;                    ;             ;000041;ANANAS DELMONTE         ;                    ;0004,40;0;1;PZ   ;05;01;00;000;00;      ;000;000;000;00;000000      ;000;000;000;000;000;000;000;000;000;000;000;000;000;000;000;000;000;000;000;000;00
System Base         ;                    ;             ;000042;DRUIVEN WIT PITLOOS     ;                    ;0004,95;0;0;kg   ;05;01;00;000;00;      ;000;000;000;00;000000000000;000;000;000;000;000;000;000;000;000;000;000;000;000;000;000;000;000;000;000;000;00
System Base         ;                    ;             ;000043;DRUIF ROSE PITLOOS      ;                    ;0007,10;0;0;kg   ;05;01;00;000;00;      ;000;000;000;00;000000000000;000;000;000;000;000;000;000;000;000;000;000;000;000;000;000;000;000;000;000;000;00
System Base         ;                    ;             ;000044;DRUIF BLAUW PITLOOS     ;                    ;0005,80;0;0;kg   ;05;01;00;000;00;      ;000;000;000;00;000000000000;000;000;000;000;000;000;000;000;000;000;000;000;000;000;000;000;000;000;000;000;00
System Base         ;                    ;             ;000045;PERZIK GEEL             ;                    ;0004,60;0;0;kg   ;05;01;00;000;00;      ;000;000;000;00;000000      ;000;000;000;000;000;000;000;000;000;000;000;000;000;000;000;000;000;000;000;000;00
System Base         ;                    ;             ;000046;NECTARINES GEEL         ;                    ;0004,50;0;0;kg   ;05;01;00;000;00;      ;000;000;000;00;000000      ;000;000;000;000;000;000;000;000;000;000;000;000;000;000;000;000;000;000;000;000;00
System Base         ;                    ;             ;000047;KIWI GROEN              ;5 STUKS VOOR 3.50   ;0000,80;0;1;PZ   ;05;01;00;000;00;      ;000;000;000;00;000000000000;000;000;000;000;000;000;000;000;000;000;000;000;000;000;000;000;000;000;000;000;00
System Base         ;                    ;             ;000048;AARDBEI                 ;                    ;0003,50;0;1;PZ   ;05;01;00;000;00;      ;000;000;000;00;000000000000;000;000;000;000;000;000;000;000;000;000;000;000;000;000;000;000;000;000;000;000;00
System Base         ;                    ;             ;000049;KERSEN BELGIE           ;                    ;0010,50;0;0;kg   ;05;01;00;000;00;      ;000;000;000;00;000000000000;000;000;000;000;000;000;000;000;000;000;000;000;000;000;000;000;000;000;000;000;00
System Base         ;                    ;             ;000050;CITROEN                 ;                    ;0000,60;0;1;PZ   ;06;01;00;000;00;      ;000;000;000;00;000000000000;000;000;000;000;000;000;000;000;000;000;000;000;000;000;000;000;000;000;000;000;00
System Base         ;                    ;             ;000051;BERGAPPELSIEN           ;                    ;0003,40;0;0;kg   ;06;01;00;000;00;      ;000;000;000;00;000000      ;000;000;000;000;000;000;000;000;000;000;000;000;000;000;000;000;000;000;000;000;00
System Base         ;                    ;             ;000052;PERSAPPELSIEN           ;                    ;0001,50;0;0;kg   ;06;01;00;000;00;      ;000;000;000;00;000000000000;000;000;000;000;000;000;000;000;000;000;000;000;000;000;000;000;000;000;000;000;00
System Base         ;                    ;             ;000053;VLINDERS KLEIN          ;                    ;0003,80;0;0;kg   ;06;01;00;000;00;      ;000;000;000;00;000000000000;000;000;000;000;000;000;000;000;000;000;000;000;000;000;000;000;000;000;000;000;00
System Base         ;                    ;             ;000054;VLINDERS GROOT          ;                    ;0004,05;0;0;kg   ;06;01;00;000;00;      ;000;000;000;00;000000000000;000;000;000;000;000;000;000;000;000;000;000;000;000;000;000;000;000;000;000;000;00
System Base         ;                    ;             ;000055;CLEMENTINES TANGO       ;                    ;0003,80;0;0;kg   ;06;01;00;000;00;      ;000;000;000;00;000000000000;000;000;000;000;000;000;000;000;000;000;000;000;000;000;000;000;000;000;000;000;00
System Base         ;                    ;             ;000056;CLEMENTINES ZOET        ;                    ;0004,80;0;0;kg   ;06;01;00;000;00;      ;000;000;000;00;000000000000;000;000;000;000;000;000;000;000;000;000;000;000;000;000;000;000;000;000;000;000;00
System Base         ;                    ;             ;000057;DADELS MEDJOUL EXTRA    ;                    ;0019,00;0;0;kg   ;07;01;00;000;00;      ;000;000;000;00;000000000000;000;000;000;000;000;000;000;000;000;000;000;000;000;000;000;000;000;000;000;000;00
System Base         ;                    ;             ;000058;DADELS MEDJOUL          ;                    ;0017,00;0;0;kg   ;07;01;00;000;00;      ;000;000;000;00;000000000000;000;000;000;000;000;000;000;000;000;000;000;000;000;000;000;000;000;000;000;000;00
System Base         ;                    ;             ;000059;GEDROOGDE MANGO         ;                    ;0019,36;0;0;kg   ;07;01;00;000;00;      ;000;000;000;00;000000000000;000;000;000;000;000;000;000;000;000;000;000;000;000;000;000;000;000;000;000;000;00
System Base         ;                    ;             ;000060;WITTE CHAMPIGNON        ;                    ;0001,25;0;1;PZ   ;08;01;00;000;00;      ;000;000;000;00;000000000000;000;000;000;000;000;000;000;000;000;000;000;000;000;000;000;000;000;000;000;000;00
System Base         ;                    ;             ;000061;CHAMPIGNON DE PARIS     ;                    ;0001,30;0;1;PZ   ;08;01;00;000;00;      ;000;000;000;00;000000000000;000;000;000;000;000;000;000;000;000;000;000;000;000;000;000;000;000;000;000;000;00
System Base         ;                    ;             ;000062;OESTERZWAM              ;                    ;0009,60;0;0;kg   ;08;01;00;000;00;      ;000;000;000;00;000000000000;000;000;000;000;000;000;000;000;000;000;000;000;000;000;000;000;000;000;000;000;00
System Base         ;                    ;             ;000063;BOONTJES EXTRA FIJN     ;                    ;0002,50;0;1;PZ   ;09;01;00;000;00;      ;000;000;000;00;000000000000;000;000;000;000;000;000;000;000;000;000;000;000;000;000;000;000;000;000;000;000;00
System Base         ;                    ;             ;000064;BIESLOOK                ;                    ;0022,52;0;0;kg   ;09;01;00;000;00;      ;000;000;000;00;000000000000;000;000;000;000;000;000;000;000;000;000;000;000;000;000;000;000;000;000;000;000;00
System Base         ;                    ;             ;000065;GROENE BOONTJES         ;                    ;0009,20;0;0;kg   ;09;01;00;000;00;      ;000;000;000;00;000000000000;000;000;000;000;000;000;000;000;000;000;000;000;000;000;000;000;000;000;000;000;00
System Base         ;                    ;             ;000066;PETERSELIE              ;BUSSELTJE           ;0001,50;0;1;PZ   ;09;01;00;000;00;      ;000;000;000;00;000000      ;000;000;000;000;000;000;000;000;000;000;000;000;000;000;000;000;000;000;000;000;00
System Base         ;                    ;             ;000067;DOOSJE EIEREN 6ST       ;                    ;0002,00;0;1;PZ   ;10;01;00;000;00;      ;000;000;000;00;000000000000;000;000;000;000;000;000;000;000;000;000;000;000;000;000;000;000;000;000;000;000;00
System Base         ;                    ;             ;000068;FRUITSAP                ;                    ;0002,00;0;1;PZ   ;10;01;00;000;00;      ;000;000;000;00;000000000000;000;000;000;000;000;000;000;000;000;000;000;000;000;000;000;000;000;000;000;000;00
System Base         ;                    ;             ;000069;LEEGGOED PLUS           ;                    ;0000,25;0;1;PZ   ;10;00;00;000;00;      ;000;000;000;00;000000000000;000;000;000;000;000;000;000;000;000;000;000;000;000;000;000;000;000;000;000;000;00
System Base         ;                    ;             ;000070;LEEGGOED TERUG          ;                    ;0000,25;0;3;NG   ;10;00;00;000;00;      ;000;000;000;00;000000000000;000;000;000;000;000;000;000;000;000;000;000;000;000;000;000;000;000;000;000;000;00
System Base         ;                    ;             ;000071;RAKETSLA RUCOLA         ;                    ;0002,20;0;1;PZ   ;01;01;00;000;00;      ;000;000;000;00;000000      ;000;000;000;000;000;000;000;000;000;000;000;000;000;000;000;000;000;000;000;000;00
System Base         ;                    ;             ;000072;ANDIJVIE                ;                    ;0001,65;0;1;PZ   ;01;01;00;000;00;      ;000;000;000;00;000000      ;000;000;000;000;000;000;000;000;000;000;000;000;000;000;000;000;000;000;000;000;00
System Base         ;                    ;             ;000073;SPINAZIE                ;                    ;0005,30;0;0;kg   ;01;01;00;000;00;      ;000;000;000;00;000000      ;000;000;000;000;000;000;000;000;000;000;000;000;000;000;000;000;000;000;000;000;00
System Base         ;                    ;             ;000074;TUINKERS CRESSON        ;                    ;0002,95;0;1;PZ   ;01;01;00;000;00;      ;000;000;000;00;000000      ;000;000;000;000;000;000;000;000;000;000;000;000;000;000;000;000;000;000;000;000;00
System Base         ;                    ;             ;000075;CHINESE KOOL            ;                    ;0003,95;0;1;PZ   ;01;01;00;000;00;      ;000;000;000;00;000000000000;000;000;000;000;000;000;000;000;000;000;000;000;000;000;000;000;000;000;000;000;00
System Base         ;                    ;             ;000076;KRULANDIJVIE            ;                    ;0002,50;0;1;PZ   ;01;01;00;000;00;      ;000;000;000;00;000000000000;000;000;000;000;000;000;000;000;000;000;000;000;000;000;000;000;000;000;000;000;00
System Base         ;                    ;             ;000077;POSTELEIN               ;                    ;0000,00;0;0;kg   ;01;01;00;000;00;      ;000;000;000;00;000000000000;000;000;000;000;000;000;000;000;000;000;000;000;000;000;000;000;000;000;000;000;00
System Base         ;                    ;             ;000078;VELDSLA                 ;                    ;0009,90;0;0;kg   ;01;01;00;000;00;      ;000;000;000;00;000000000000;000;000;000;000;000;000;000;000;000;000;000;000;000;000;000;000;000;000;000;000;00
System Base         ;                    ;             ;000079;LOLO ROSSA              ;                    ;0001,40;0;1;PZ   ;01;01;00;000;00;      ;000;000;000;00;000000      ;000;000;000;000;000;000;000;000;000;000;000;000;000;000;000;000;000;000;000;000;00
System Base         ;                    ;             ;000080;EIKEBLADSLA             ;                    ;0001,62;0;1;PZ   ;01;01;00;000;00;      ;000;000;000;00;000000000000;000;000;000;000;000;000;000;000;000;000;000;000;000;000;000;000;000;000;000;000;00
System Base         ;                    ;             ;000081;IJSBERGSLA              ;                    ;0001,80;0;1;PZ   ;01;01;00;000;00;      ;000;000;000;00;000000000000;000;000;000;000;000;000;000;000;000;000;000;000;000;000;000;000;000;000;000;000;00
System Base         ;                    ;             ;000082;ROMEINSE SLA            ;                    ;0000,00;0;1;PZ   ;01;01;00;000;00;      ;000;000;000;00;000000000000;000;000;000;000;000;000;000;000;000;000;000;000;000;000;000;000;000;000;000;000;00
System Base         ;                    ;             ;000083;SNIJBIET WARMOES        ;                    ;0000,00;0;0;kg   ;01;01;00;000;00;      ;000;000;000;00;000000000000;000;000;000;000;000;000;000;000;000;000;000;000;000;000;000;000;000;000;000;000;00
System Base         ;                    ;             ;000084;WATERKERS               ;                    ;0001,85;0;0;kg   ;01;01;00;000;00;      ;000;000;000;00;000000000000;000;000;000;000;000;000;000;000;000;000;000;000;000;000;000;000;000;000;000;000;00
System Base         ;                    ;             ;000085;TRIO SLA                ;                    ;0001,45;0;1;PZ   ;01;01;00;000;00;      ;000;000;000;00;000000000000;000;000;000;000;000;000;000;000;000;000;000;000;000;000;000;000;000;000;000;000;00
System Base         ;                    ;             ;000086;RAPEN BUSSEL            ;                    ;0002,80;0;0;kg   ;02;01;00;000;00;      ;000;000;000;00;000000000000;000;000;000;000;000;000;000;000;000;000;000;000;000;000;000;000;000;000;000;000;00
System Base         ;                    ;             ;000087;RODE BIETEN             ;                    ;0003,10;0;0;kg   ;02;01;00;000;00;      ;000;000;000;00;000000000000;000;000;000;000;000;000;000;000;000;000;000;000;000;000;000;000;000;000;000;000;00
System Base         ;                    ;             ;000088;KNOLSELDER              ;                    ;0004,99;0;1;PZ   ;02;01;00;000;00;      ;000;000;000;00;000000      ;000;000;000;000;000;000;000;000;000;000;000;000;000;000;000;000;000;000;000;000;00
System Base         ;                    ;             ;000089;PAARDEWORTEL            ;PER ZAK             ;0004,14;0;1;PZ   ;02;01;00;000;00;      ;000;000;000;00;000000000000;000;000;000;000;000;000;000;000;000;000;000;000;000;000;000;000;000;000;000;000;00
System Base         ;                    ;             ;000090;AJUIN ZAKJE             ;                    ;0001,98;0;1;PZ   ;02;01;00;000;00;      ;000;000;000;00;000000000000;000;000;000;000;000;000;000;000;000;000;000;000;000;000;000;000;000;000;000;000;00
System Base         ;                    ;             ;000091;RODE AJUIN              ;                    ;0002,90;0;0;kg   ;02;01;00;000;00;      ;000;000;000;00;000000      ;000;000;000;000;000;000;000;000;000;000;000;000;000;000;000;000;000;000;000;000;00
System Base         ;                    ;             ;000092;SJALOT                  ;                    ;0003,99;0;0;kg   ;02;01;00;000;00;      ;000;000;000;00;000000000000;000;000;000;000;000;000;000;000;000;000;000;000;000;000;000;000;000;000;000;000;00
System Base         ;                    ;             ;000093;GROENE ASPERGES         ;                    ;0004,95;0;1;PZ   ;02;01;00;000;00;      ;000;000;000;00;000000000000;000;000;000;000;000;000;000;000;000;000;000;000;000;000;000;000;000;000;000;000;00
System Base         ;                    ;             ;000094;SCHORSENEREN            ;                    ;0002,90;0;0;kg   ;02;01;00;000;00;      ;000;000;000;00;000000000000;000;000;000;000;000;000;000;000;000;000;000;000;000;000;000;000;000;000;000;000;00
System Base         ;                    ;             ;000095;PASTINAAK               ;                    ;0001,75;0;1;PZ   ;02;01;00;000;00;      ;000;000;000;00;000000000000;000;000;000;000;000;000;000;000;000;000;000;000;000;000;000;000;000;000;000;000;00
System Base         ;                    ;             ;000096;RADIJS                  ;                    ;0001,25;0;1;PZ   ;02;01;00;000;00;      ;000;000;000;00;000000000000;000;000;000;000;000;000;000;000;000;000;000;000;000;000;000;000;000;000;000;000;00
System Base         ;                    ;             ;000097;AARDPEER                ;                    ;0003,55;0;0;kg   ;02;01;00;000;00;      ;000;000;000;00;000000000000;000;000;000;000;000;000;000;000;000;000;000;000;000;000;000;000;000;000;000;000;00
System Base         ;                    ;             ;000098;ZILVERUITJES            ;                    ;0008,10;0;0;kg   ;02;01;00;000;00;      ;000;000;000;00;000000000000;000;000;000;000;000;000;000;000;000;000;000;000;000;000;000;000;000;000;000;000;00
System Base         ;                    ;             ;000099;VENKEL                  ;                    ;0002,20;0;1;PZ   ;02;01;00;000;00;      ;000;000;000;00;000000000000;000;000;000;000;000;000;000;000;000;000;000;000;000;000;000;000;000;000;000;000;00
System Base         ;                    ;             ;000100;ROODLOOF                ;                    ;0005,10;0;0;kg   ;02;01;00;000;00;      ;000;000;000;00;000000000000;000;000;000;000;000;000;000;000;000;000;000;000;000;000;000;000;000;000;000;000;00
System Base         ;                    ;             ;000101;LOOK                    ;                    ;0010,80;0;0;kg   ;02;01;00;000;00;      ;000;000;000;00;000000000000;000;000;000;000;000;000;000;000;000;000;000;000;000;000;000;000;000;000;000;000;00
System Base         ;                    ;             ;000102;KRIELAARDAPPEL          ;                    ;0002,90;0;0;kg   ;02;01;00;000;00;      ;000;000;000;00;000000      ;000;000;000;000;000;000;000;000;000;000;000;000;000;000;000;000;000;000;000;000;00
System Base         ;                    ;             ;000103;FRIETAARDAPPEL          ;                    ;0001,40;0;0;kg   ;02;01;00;000;00;      ;000;000;000;00;000000000000;000;000;000;000;000;000;000;000;000;000;000;000;000;000;000;000;000;000;000;000;00
System Base         ;                    ;             ;000104;POMPADOUR               ;                    ;0003,40;0;0;kg   ;02;01;00;000;00;      ;000;000;000;00;000000000000;000;000;000;000;000;000;000;000;000;000;000;000;000;000;000;000;000;000;000;000;00
System Base         ;                    ;             ;000105;SAVOOIKOOL              ;                    ;0002,70;0;1;PZ   ;03;01;00;000;00;      ;000;000;000;00;000000000000;000;000;000;000;000;000;000;000;000;000;000;000;000;000;000;000;000;000;000;000;00
System Base         ;                    ;             ;000106;BOEREKOOL               ;                    ;0002,20;0;1;PZ   ;03;01;00;000;00;      ;000;000;000;00;000000000000;000;000;000;000;000;000;000;000;000;000;000;000;000;000;000;000;000;000;000;000;00
System Base         ;                    ;             ;000107;KOOLRABI                ;                    ;0001,45;0;1;PZ   ;03;01;00;000;00;      ;000;000;000;00;000000000000;000;000;000;000;000;000;000;000;000;000;000;000;000;000;000;000;000;000;000;000;00
System Base         ;                    ;             ;000108;RAMMENAS                ;                    ;0001,55;0;0;kg   ;03;01;00;000;00;      ;000;000;000;00;000000000000;000;000;000;000;000;000;000;000;000;000;000;000;000;000;000;000;000;000;000;000;00
System Base         ;                    ;             ;000109;RODE KOOL               ;                    ;0001,85;0;1;PZ   ;03;01;00;000;00;      ;000;000;000;00;000000000000;000;000;000;000;000;000;000;000;000;000;000;000;000;000;000;000;000;000;000;000;00
System Base         ;                    ;             ;000110;SPITSKOOL               ;                    ;0003,10;0;1;PZ   ;03;01;00;000;00;      ;000;000;000;00;000000000000;000;000;000;000;000;000;000;000;000;000;000;000;000;000;000;000;000;000;000;000;00
System Base         ;                    ;             ;000111;WITTE KOOL              ;                    ;0001,35;0;1;PZ   ;03;01;00;000;00;      ;000;000;000;00;000000000000;000;000;000;000;000;000;000;000;000;000;000;000;000;000;000;000;000;000;000;000;00
System Base         ;                    ;             ;000112;ROMANESCO               ;                    ;0004,50;0;1;PZ   ;03;01;00;000;00;      ;000;000;000;00;000000000000;000;000;000;000;000;000;000;000;000;000;000;000;000;000;000;000;000;000;000;000;00
System Base         ;                    ;             ;000113;BELG. BLOEMKOOL         ;                    ;0003,40;0;1;PZ   ;03;01;00;000;00;      ;000;000;000;00;000000      ;000;000;000;000;000;000;000;000;000;000;000;000;000;000;000;000;000;000;000;000;00
System Base         ;                    ;             ;000114;AUBERGINE               ;                    ;0002,25;0;0;kg   ;04;01;00;000;00;      ;000;000;000;00;000000      ;000;000;000;000;000;000;000;000;000;000;000;000;000;000;000;000;000;000;000;000;00
System Base         ;                    ;             ;000115;POMPOEN                 ;                    ;0000,00;0;0;kg   ;04;01;00;000;00;      ;000;000;000;00;000000000000;000;000;000;000;000;000;000;000;000;000;000;000;000;000;000;000;000;000;000;000;00
System Base         ;                    ;             ;000116;BUTTERNUT               ;                    ;0002,10;0;0;kg   ;04;01;00;000;00;      ;000;000;000;00;000000000000;000;000;000;000;000;000;000;000;000;000;000;000;000;000;000;000;000;000;000;000;00
System Base         ;                    ;             ;000117;ZOETE PUNTPAPRIKA       ;                    ;0007,40;0;0;kg   ;04;01;00;000;00;      ;000;000;000;00;000000000000;000;000;000;000;000;000;000;000;000;000;000;000;000;000;000;000;000;000;000;000;00
System Base         ;                    ;             ;000118;ARTISJOK                ;                    ;0003,40;0;1;PZ   ;04;01;00;000;00;      ;000;000;000;00;000000000000;000;000;000;000;000;000;000;000;000;000;000;000;000;000;000;000;000;000;000;000;00
System Base         ;                    ;             ;000119;RABARBER                ;                    ;0002,70;0;1;PZ   ;04;01;00;000;00;      ;000;000;000;00;000000000000;000;000;000;000;000;000;000;000;000;000;000;000;000;000;000;000;000;000;000;000;00
System Base         ;                    ;             ;000120;COEUR DE BOEUF          ;                    ;0002,50;0;0;kg   ;04;01;00;000;00;      ;000;000;000;00;000000      ;000;000;000;000;000;000;000;000;000;000;000;000;000;000;000;000;000;000;000;000;00
System Base         ;                    ;             ;000121;PEULTJES                ;                    ;0002,90;0;1;PZ   ;09;01;00;000;00;      ;000;000;000;00;000000000000;000;000;000;000;000;000;000;000;000;000;000;000;000;000;000;000;000;000;000;000;00
System Base         ;                    ;             ;000122;KRIEKEN                 ;                    ;0004,95;0;0;kg   ;05;01;00;000;00;      ;000;000;000;00;000000000000;000;000;000;000;000;000;000;000;000;000;000;000;000;000;000;000;000;000;000;000;00
System Base         ;                    ;             ;000123;PAIN DE SUCRE           ;                    ;0004,95;0;0;kg   ;05;01;00;000;00;      ;000;000;000;00;000000000000;000;000;000;000;000;000;000;000;000;000;000;000;000;000;000;000;000;000;000;000;00
System Base         ;                    ;             ;000124;GRANAATAPPEL            ;                    ;0002,10;0;1;PZ   ;05;01;00;000;00;      ;000;000;000;00;000000000000;000;000;000;000;000;000;000;000;000;000;000;000;000;000;000;000;000;000;000;000;00
System Base         ;                    ;             ;000125;PASSIEVRUCHT            ;                    ;0011,95;0;0;kg   ;05;01;00;000;00;      ;000;000;000;00;000000000000;000;000;000;000;000;000;000;000;000;000;000;000;000;000;000;000;000;000;000;000;00
System Base         ;                    ;             ;000126;VIJGEN                  ;                    ;0001,90;0;1;PZ   ;05;01;00;000;00;      ;000;000;000;00;000000000000;000;000;000;000;000;000;000;000;000;000;000;000;000;000;000;000;000;000;000;000;00
System Base         ;                    ;             ;000127;STEKELBES               ;                    ;0004,75;0;0;kg   ;05;01;00;000;00;      ;000;000;000;00;000000000000;000;000;000;000;000;000;000;000;000;000;000;000;000;000;000;000;000;000;000;000;00
System Base         ;                    ;             ;000128;APPEL COX               ;                    ;0003,70;0;0;kg   ;05;01;00;000;00;      ;000;000;000;00;000000000000;000;000;000;000;000;000;000;000;000;000;000;000;000;000;000;000;000;000;000;000;00
System Base         ;                    ;             ;000129;BELGISCHE GOLDEN        ;                    ;0003,10;0;0;kg   ;05;01;00;000;00;      ;000;000;000;00;000000      ;000;000;000;000;000;000;000;000;000;000;000;000;000;000;000;000;000;000;000;000;00
System Base         ;                    ;             ;000130;GRANNY SMITH            ;                    ;0002,70;0;0;kg   ;05;01;00;000;00;      ;000;000;000;00;000000000000;000;000;000;000;000;000;000;000;000;000;000;000;000;000;000;000;000;000;000;000;00
System Base         ;                    ;             ;000131;PEER BEURRE HARDY       ;                    ;0002,80;0;0;kg   ;05;01;00;000;00;      ;000;000;000;00;000000000000;000;000;000;000;000;000;000;000;000;000;000;000;000;000;000;000;000;000;000;000;00
System Base         ;                    ;             ;000132;CAVAILLON               ;                    ;0004,95;0;1;PZ   ;05;01;00;000;00;      ;000;000;000;00;000000000000;000;000;000;000;000;000;000;000;000;000;000;000;000;000;000;000;000;000;000;000;00
System Base         ;                    ;             ;000133;MELOEN CHARENTE         ;                    ;0003,99;0;1;PZ   ;05;01;00;000;00;      ;000;000;000;00;000000000000;000;000;000;000;000;000;000;000;000;000;000;000;000;000;000;000;000;000;000;000;00
System Base         ;                    ;             ;000134;MERENGUE                ;                    ;0005,80;0;1;PZ   ;05;01;00;000;00;      ;000;000;000;00;000000000000;000;000;000;000;000;000;000;000;000;000;000;000;000;000;000;000;000;000;000;000;00
System Base         ;                    ;             ;000135;MELOEN GALIA            ;                    ;0002,65;0;1;PZ   ;05;01;00;000;00;      ;000;000;000;00;000000000000;000;000;000;000;000;000;000;000;000;000;000;000;000;000;000;000;000;000;000;000;00
System Base         ;                    ;             ;000136;BLAUWE DRUIF            ;                    ;0005,70;0;0;kg   ;05;01;00;000;00;      ;000;000;000;00;000000000000;000;000;000;000;000;000;000;000;000;000;000;000;000;000;000;000;000;000;000;000;00
System Base         ;                    ;             ;000137;WITTE DRUIF             ;                    ;0005,35;0;0;kg   ;05;01;00;000;00;      ;000;000;000;00;000000000000;000;000;000;000;000;000;000;000;000;000;000;000;000;000;000;000;000;000;000;000;00
System Base         ;                    ;             ;000138;RODE DRUIF              ;MOSCATEL            ;0006,15;0;0;kg   ;05;01;00;000;00;      ;000;000;000;00;000000000000;000;000;000;000;000;000;000;000;000;000;000;000;000;000;000;000;000;000;000;000;00
System Base         ;                    ;             ;000139;PRUIMEN                 ;                    ;0007,50;0;0;kg   ;05;01;00;000;00;      ;000;000;000;00;000000      ;000;000;000;000;000;000;000;000;000;000;000;000;000;000;000;000;000;000;000;000;00
System Base         ;                    ;             ;000140;BOSKOOP RENETTE         ;                    ;0002,05;0;0;kg   ;05;01;00;000;00;      ;000;000;000;00;000000000000;000;000;000;000;000;000;000;000;000;000;000;000;000;000;000;000;000;000;000;000;00
System Base         ;                    ;             ;000141;GOLDEN DELICIOUS        ;                    ;0003,00;0;0;kg   ;05;01;00;000;00;      ;000;000;000;00;000000000000;000;000;000;000;000;000;000;000;000;000;000;000;000;000;000;000;000;000;000;000;00
System Base         ;                    ;             ;000142;JOLY RED                ;                    ;0003,00;0;0;kg   ;05;01;00;000;00;      ;000;000;000;00;000000000000;000;000;000;000;000;000;000;000;000;000;000;000;000;000;000;000;000;000;000;000;00
System Base         ;                    ;             ;000143;PAPAYA                  ;                    ;0000,00;0;0;kg   ;05;01;00;000;00;      ;000;000;000;00;000000000000;000;000;000;000;000;000;000;000;000;000;000;000;000;000;000;000;000;000;000;000;00
System Base         ;                    ;             ;000144;ABRIKOOS                ;                    ;0003,30;0;0;kg   ;05;01;00;000;00;      ;000;000;000;00;000000      ;000;000;000;000;000;000;000;000;000;000;000;000;000;000;000;000;000;000;000;000;00
System Base         ;                    ;             ;000145;KIWI GEEL               ;                    ;0000,98;0;1;PZ   ;05;01;00;000;00;      ;000;000;000;00;000000000000;000;000;000;000;000;000;000;000;000;000;000;000;000;000;000;000;000;000;000;000;00
System Base         ;                    ;             ;000146;MINIOLA                 ;                    ;0004,10;0;0;kg   ;06;01;00;000;00;      ;000;000;000;00;000000000000;000;000;000;000;000;000;000;000;000;000;000;000;000;000;000;000;000;000;000;000;00
System Base         ;                    ;             ;000147;WIJNAPPELSIEN           ;                    ;0004,66;0;0;kg   ;06;01;00;000;00;      ;000;000;000;00;000000000000;000;000;000;000;000;000;000;000;000;000;000;000;000;000;000;000;000;000;000;000;00
System Base         ;                    ;             ;000148;CARA CARA               ;                    ;0003,85;0;0;kg   ;06;01;00;000;00;      ;000;000;000;00;000000000000;000;000;000;000;000;000;000;000;000;000;000;000;000;000;000;000;000;000;000;000;00
System Base         ;                    ;             ;000149;POMPELMOES ROOD         ;                    ;0001,15;0;1;PZ   ;06;01;00;000;00;      ;000;000;000;00;000000000000;000;000;000;000;000;000;000;000;000;000;000;000;000;000;000;000;000;000;000;000;00
System Base         ;                    ;             ;000150;POMPELMOES WIT          ;                    ;0000,90;0;1;PZ   ;06;01;00;000;00;      ;000;000;000;00;000000000000;000;000;000;000;000;000;000;000;000;000;000;000;000;000;000;000;000;000;000;000;00
System Base         ;                    ;             ;000151;POMPELMOES ROZE         ;                    ;0001,05;0;1;PZ   ;06;01;00;000;00;      ;000;000;000;00;000000000000;000;000;000;000;000;000;000;000;000;000;000;000;000;000;000;000;000;000;000;000;00
System Base         ;                    ;             ;000152;LIMOENEN                ;                    ;0000,50;0;1;PZ   ;06;01;00;000;00;      ;000;000;000;00;000000000000;000;000;000;000;000;000;000;000;000;000;000;000;000;000;000;000;000;000;000;000;00
System Base         ;                    ;             ;000153;DADELS IRAN             ;                    ;0003,50;0;1;PZ   ;07;01;00;000;00;      ;000;000;000;00;000000000000;000;000;000;000;000;000;000;000;000;000;000;000;000;000;000;000;000;000;000;000;00
System Base         ;                    ;             ;000154;HALF GEDR ABRIKOOS      ;                    ;0019,00;0;0;kg   ;07;01;00;000;00;      ;000;000;000;00;000000000000;000;000;000;000;000;000;000;000;000;000;000;000;000;000;000;000;000;000;000;000;00
System Base         ;                    ;             ;000155;GEDROOGDE VIJGEN        ;                    ;0013,95;0;0;kg   ;07;01;00;000;00;      ;000;000;000;00;000000000000;000;000;000;000;000;000;000;000;000;000;000;000;000;000;000;000;000;000;000;000;00
System Base         ;                    ;             ;000156;BERMUDAMIX              ;                    ;0013,51;0;0;kg   ;07;01;00;000;00;      ;000;000;000;00;000000000000;000;000;000;000;000;000;000;000;000;000;000;000;000;000;000;000;000;000;000;000;00
System Base         ;                    ;             ;000157;GEDR MINI VIJGEN        ;                    ;0008,70;0;0;kg   ;07;01;00;000;00;      ;000;000;000;00;000000000000;000;000;000;000;000;000;000;000;000;000;000;000;000;000;000;000;000;000;000;000;00
System Base         ;                    ;             ;000158;ROZIJNEN                ;                    ;0006,30;0;0;kg   ;07;01;00;000;00;      ;000;000;000;00;000000000000;000;000;000;000;000;000;000;000;000;000;000;000;000;000;000;000;000;000;000;000;00
System Base         ;                    ;             ;000159;ZAKJE PIJNBOOMPIT       ;                    ;0003,00;0;1;PZ   ;07;01;00;000;00;      ;000;000;000;00;000000000000;000;000;000;000;000;000;000;000;000;000;000;000;000;000;000;000;000;000;000;000;00
System Base         ;                    ;             ;000160;PORTABELLO              ;                    ;0011,50;0;0;kg   ;08;01;00;000;00;      ;000;000;000;00;000000000000;000;000;000;000;000;000;000;000;000;000;000;000;000;000;000;000;000;000;000;000;00
System Base         ;                    ;             ;000161;SHIITAKE                ;                    ;0022,50;0;0;kg   ;08;01;00;000;00;      ;000;000;000;00;000000000000;000;000;000;000;000;000;000;000;000;000;000;000;000;000;000;000;000;000;000;000;00
System Base         ;                    ;             ;000162;EIKZWAM                 ;                    ;0000,00;0;0;kg   ;08;01;00;000;00;      ;000;000;000;00;000000000000;000;000;000;000;000;000;000;000;000;000;000;000;000;000;000;000;000;000;000;000;00
System Base         ;                    ;             ;000163;BEUKENZWAM              ;                    ;0009,90;0;0;kg   ;08;01;00;000;00;      ;000;000;000;00;000000000000;000;000;000;000;000;000;000;000;000;000;000;000;000;000;000;000;000;000;000;000;00
System Base         ;                    ;             ;000164;BOSMIX                  ;                    ;0004,50;0;1;PZ   ;08;01;00;000;00;      ;000;000;000;00;000000000000;000;000;000;000;000;000;000;000;000;000;000;000;000;000;000;000;000;000;000;000;00
System Base         ;                    ;             ;000165;KERVEL                  ;                    ;0003,50;0;1;PZ   ;09;01;00;000;00;      ;000;000;000;00;000000000000;000;000;000;000;000;000;000;000;000;000;000;000;000;000;000;000;000;000;000;000;00
System Base         ;                    ;             ;000166;SNIJBONEN               ;                    ;0007,65;0;0;kg   ;09;01;00;000;00;      ;000;000;000;00;000000000000;000;000;000;000;000;000;000;000;000;000;000;000;000;000;000;000;000;000;000;000;00
System Base         ;                    ;             ;000167;WITTE BONEN             ;                    ;0000,00;0;0;kg   ;09;01;00;000;00;      ;000;000;000;00;000000000000;000;000;000;000;000;000;000;000;000;000;000;000;000;000;000;000;000;000;000;000;00
System Base         ;                    ;             ;000168;BOTERBOONTJES           ;                    ;0014,75;0;0;kg   ;09;01;00;000;00;      ;000;000;000;00;000000      ;000;000;000;000;000;000;000;000;000;000;000;000;000;000;000;000;000;000;000;000;00
System Base         ;                    ;             ;000169;DOPERWTEN               ;                    ;0007,20;0;0;kg   ;09;01;00;000;00;      ;000;000;000;00;000000000000;000;000;000;000;000;000;000;000;000;000;000;000;000;000;000;000;000;000;000;000;00
System Base         ;                    ;             ;000170;SPLITERWTEN             ;                    ;0000,00;0;0;kg   ;09;01;00;000;00;      ;000;000;000;00;000000000000;000;000;000;000;000;000;000;000;000;000;000;000;000;000;000;000;000;000;000;000;00
System Base         ;                    ;             ;000171;PRINSESSENBONEN         ;                    ;0000,00;0;0;kg   ;09;01;00;000;00;      ;000;000;000;00;000000000000;000;000;000;000;000;000;000;000;000;000;000;000;000;000;000;000;000;000;000;000;00
System Base         ;                    ;             ;000172;BLADPETERSELIE          ;                    ;0005,99;0;0;kg   ;09;01;00;000;00;      ;000;000;000;00;000000000000;000;000;000;000;000;000;000;000;000;000;000;000;000;000;000;000;000;000;000;000;00
System Base         ;                    ;             ;000173;LAURIER                 ;                    ;0001,70;0;1;PZ   ;09;01;00;000;00;      ;000;000;000;00;000000000000;000;000;000;000;000;000;000;000;000;000;000;000;000;000;000;000;000;000;000;000;00
System Base         ;                    ;             ;000174;TIJM POTJE              ;                    ;0003,00;0;1;PZ   ;09;01;00;000;00;      ;000;000;000;00;000000000000;000;000;000;000;000;000;000;000;000;000;000;000;000;000;000;000;000;000;000;000;00
System Base         ;                    ;             ;000175;DILLE                   ;                    ;0001,80;0;1;PZ   ;09;01;00;000;00;      ;000;000;000;00;000000000000;000;000;000;000;000;000;000;000;000;000;000;000;000;000;000;000;000;000;000;000;00
System Base         ;                    ;             ;000176;KORIANDER               ;                    ;0018,92;0;0;kg   ;09;01;00;000;00;      ;000;000;000;00;000000000000;000;000;000;000;000;000;000;000;000;000;000;000;000;000;000;000;000;000;000;000;00
System Base         ;                    ;             ;000177;SALIE                   ;                    ;0001,80;0;1;PZ   ;09;01;00;000;00;      ;000;000;000;00;000000000000;000;000;000;000;000;000;000;000;000;000;000;000;000;000;000;000;000;000;000;000;00
System Base         ;                    ;             ;000178;SPAGHETTIGROENTEN       ;                    ;0003,15;0;1;PZ   ;10;01;00;000;00;      ;000;000;000;00;000000000000;000;000;000;000;000;000;000;000;000;000;000;000;000;000;000;000;000;000;000;000;00
System Base         ;                    ;             ;000179;WOKGROENTEN             ;                    ;0003,00;0;1;PZ   ;10;01;00;000;00;      ;000;000;000;00;000000000000;000;000;000;000;000;000;000;000;000;000;000;000;000;000;000;000;000;000;000;000;00
System Base         ;                    ;             ;000180;SOEPGROENTEN            ;                    ;0001,10;0;1;PZ   ;10;01;00;000;00;      ;000;000;000;00;000000000000;000;000;000;000;000;000;000;000;000;000;000;000;000;000;000;000;000;000;000;000;00
System Base         ;                    ;             ;000181;SOJASCHEUTEN            ;                    ;0001,90;0;0;kg   ;10;01;00;000;00;      ;000;000;000;00;000000000000;000;000;000;000;000;000;000;000;000;000;000;000;000;000;000;000;000;000;000;000;00
System Base         ;                    ;             ;000182;GERASPTE WORTEL         ;                    ;0003,60;0;1;PZ   ;10;01;00;000;00;      ;000;000;000;00;000000000000;000;000;000;000;000;000;000;000;000;000;000;000;000;000;000;000;000;000;000;000;00
System Base         ;                    ;             ;000183;TOMAAT MINI ROMA        ;                    ;0009,30;0;0;kg   ;04;01;00;000;00;      ;000;000;000;00;000000000000;000;000;000;000;000;000;000;000;000;000;000;000;000;000;000;000;000;000;000;000;00
System Base         ;                    ;             ;000184;AVOCADO                 ;                    ;0001,65;0;1;PZ   ;05;01;00;000;00;      ;000;000;000;00;000000      ;000;000;000;000;000;000;000;000;000;000;000;000;000;000;000;000;000;000;000;000;00
System Base         ;                    ;             ;000185;MINI PRUIMTOMAAT        ;                    ;0007,80;0;0;kg   ;04;01;00;000;00;      ;000;000;000;00;000000000000;000;000;000;000;000;000;000;000;000;000;000;000;000;000;000;000;000;000;000;000;00
System Base         ;                    ;             ;000186;ZOETE PATAT             ;                    ;0003,45;0;0;kg   ;02;01;00;000;00;      ;000;000;000;00;000000000000;000;000;000;000;000;000;000;000;000;000;000;000;000;000;000;000;000;000;000;000;00
System Base         ;                    ;             ;000187;STOOFPEER               ;                    ;0001,95;0;0;kg   ;05;01;00;000;00;      ;000;000;000;00;000000000000;000;000;000;000;000;000;000;000;000;000;000;000;000;000;000;000;000;000;000;000;00
System Base         ;                    ;             ;000188;GEMBER                  ;                    ;0004,50;0;0;kg   ;09;01;00;000;00;      ;000;000;000;00;000000000000;000;000;000;000;000;000;000;000;000;000;000;000;000;000;000;000;000;000;000;000;00
System Base         ;                    ;             ;000189;STERFRUIT               ;                    ;0001,98;0;1;PZ   ;05;01;00;000;00;      ;000;000;000;00;000000000000;000;000;000;000;000;000;000;000;000;000;000;000;000;000;000;000;000;000;000;000;00
System Base         ;                    ;             ;000190;KRUIDEN POTJE           ;                    ;0003,00;0;1;PZ   ;09;01;00;000;00;      ;000;000;000;00;000000000000;000;000;000;000;000;000;000;000;000;000;000;000;000;000;000;000;000;000;000;000;00
System Base         ;                    ;             ;000191;TOMAAT SAN MARZANO      ;                    ;0003,20;0;0;kg   ;04;01;00;000;00;      ;000;000;000;00;000000      ;000;000;000;000;000;000;000;000;000;000;000;000;000;000;000;000;000;000;000;000;00
System Base         ;                    ;             ;000192;COURGETTE GEEL          ;                    ;0001,16;0;1;PZ   ;04;01;00;000;00;      ;000;000;000;00;000000000000;000;000;000;000;000;000;000;000;000;000;000;000;000;000;000;000;000;000;000;000;00
System Base         ;                    ;             ;000193;MUNT                    ;                    ;0003,60;0;1;PZ   ;09;01;00;000;00;      ;000;000;000;00;000000000000;000;000;000;000;000;000;000;000;000;000;000;000;000;000;000;000;000;000;000;000;00
System Base         ;                    ;             ;000194;DOYENEE PEER            ;NIEUW ZEELAND       ;0004,25;0;0;kg   ;05;01;00;000;00;      ;000;000;000;00;000000000000;000;000;000;000;000;000;000;000;000;000;000;000;000;000;000;000;000;000;000;000;00
System Base         ;                    ;             ;000195;CHERRY TROSTOMAAT       ;                    ;0004,95;0;0;kg   ;04;01;00;000;00;      ;000;000;000;00;000000000000;000;000;000;000;000;000;000;000;000;000;000;000;000;000;000;000;000;000;000;000;00
System Base         ;                    ;             ;000196;WATERMELOEN             ;                    ;0002,20;0;0;kg   ;05;01;00;000;00;      ;000;000;000;00;000000000000;000;000;000;000;000;000;000;000;000;000;000;000;000;000;000;000;000;000;000;000;00
System Base         ;                    ;             ;000197;PEULTJES LOS            ;                    ;0014,95;0;0;kg   ;09;01;00;000;00;      ;000;000;000;00;000000000000;000;000;000;000;000;000;000;000;000;000;000;000;000;000;000;000;000;000;000;000;00
System Base         ;                    ;             ;000198;MELOEN CANTALOUPE       ;                    ;0005,50;0;1;PZ   ;05;01;00;000;00;      ;000;000;000;00;000000000000;000;000;000;000;000;000;000;000;000;000;000;000;000;000;000;000;000;000;000;000;00
System Base         ;                    ;             ;000199;KOOLRABI                ;                    ;0001,65;0;1;PZ   ;03;01;00;000;00;      ;000;000;000;00;000000000000;000;000;000;000;000;000;000;000;000;000;000;000;000;000;000;000;000;000;000;000;00
System Base         ;                    ;             ;000200;HONINGMELOEN            ;                    ;0002,30;0;0;kg   ;05;01;00;000;00;      ;000;000;000;00;000000000000;000;000;000;000;000;000;000;000;000;000;000;000;000;000;000;000;000;000;000;000;00
System Base         ;                    ;             ;000201;MINI KOMKOMMERS         ;                    ;0000,40;0;1;PZ   ;04;01;00;000;00;      ;000;000;000;00;000000000000;000;000;000;000;000;000;000;000;000;000;000;000;000;000;000;000;000;000;000;000;00
System Base         ;                    ;             ;000202;NIEUWE AARDAPPELEN      ;                    ;0002,10;0;0;kg   ;02;01;00;000;00;      ;000;000;000;00;000000000000;000;000;000;000;000;000;000;000;000;000;000;000;000;000;000;000;000;000;000;000;00
System Base         ;                    ;             ;000203;PLATTE PERZIK           ;                    ;0003,60;0;0;kg   ;05;01;00;000;00;      ;000;000;000;00;000000      ;000;000;000;000;000;000;000;000;000;000;000;000;000;000;000;000;000;000;000;000;00
System Base         ;                    ;             ;000204;GROENE BLOEMKOOL        ;                    ;0004,50;0;1;PZ   ;04;01;00;000;00;      ;000;000;000;00;000000000000;000;000;000;000;000;000;000;000;000;000;000;000;000;000;000;000;000;000;000;000;00
System Base         ;                    ;             ;000205;KERSEN FRANKRIJK        ;                    ;0015,95;0;0;kg   ;05;01;00;000;00;      ;000;000;000;00;000000      ;000;000;000;000;000;000;000;000;000;000;000;000;000;000;000;000;000;000;000;000;00
System Base         ;                    ;             ;000206;BASILICUM               ;                    ;0003,24;0;1;PZ   ;00;01;00;000;00;      ;000;000;000;00;000000      ;000;000;000;000;000;000;000;000;000;000;000;000;000;000;000;000;000;000;000;000;00
System Base         ;                    ;             ;000207;SAVEUR D'ANTAN          ;                    ;0004,95;0;0;kg   ;01;01;00;000;00;      ;000;000;000;00;000000000000;000;000;000;000;000;000;000;000;000;000;000;000;000;000;000;000;000;000;000;000;00
System Base         ;                    ;             ;000208;MIRABELLE               ;                    ;0010,80;0;0;kg   ;05;01;00;000;00;      ;000;000;000;00;000000000000;000;000;000;000;000;000;000;000;000;000;000;000;000;000;000;000;000;000;000;000;00
System Base         ;                    ;             ;000209;NECTARINE WIT           ;                    ;0005,30;0;0;kg   ;05;01;00;000;00;      ;000;000;000;00;000000      ;000;000;000;000;000;000;000;000;000;000;000;000;000;000;000;000;000;000;000;000;00
System Base         ;                    ;             ;000210;VLEESKERS RAINIER       ;                    ;0012,60;0;0;kg   ;05;01;00;000;00;      ;000;000;000;00;000000000000;000;000;000;000;000;000;000;000;000;000;000;000;000;000;000;000;000;000;000;000;00
System Base         ;                    ;             ;000211;KERSEN SPANJE           ;                    ;0013,95;0;0;kg   ;05;01;00;000;00;      ;000;000;000;00;000000      ;000;000;000;000;000;000;000;000;000;000;000;000;000;000;000;000;000;000;000;000;00
System Base         ;                    ;             ;000212;BOLCOURGETTE            ;                    ;0001,35;0;1;PZ   ;02;01;00;000;00;      ;000;000;000;00;000000000000;000;000;000;000;000;000;000;000;000;000;000;000;000;000;000;000;000;000;000;000;00
System Base         ;                    ;             ;000213;KOKOSNOOT               ;                    ;0002,45;0;1;PZ   ;00;01;00;000;00;      ;000;000;000;00;000000000000;000;000;000;000;000;000;000;000;000;000;000;000;000;000;000;000;000;000;000;000;00
System Base         ;                    ;             ;000214;OREGANO                 ;                    ;0018,92;0;0;kg   ;09;01;00;000;00;      ;000;000;000;00;000000000000;000;000;000;000;000;000;000;000;000;000;000;000;000;000;000;000;000;000;000;000;00
System Base         ;                    ;             ;000215;VERSE BASILICUM         ;                    ;0018,92;0;0;kg   ;09;01;00;000;00;      ;000;000;000;00;000000000000;000;000;000;000;000;000;000;000;000;000;000;000;000;000;000;000;000;000;000;000;00
System Base         ;                    ;             ;000216;ROZEMARIJN              ;                    ;0002,90;0;1;PZ   ;09;01;00;000;00;      ;000;000;000;00;000000000000;000;000;000;000;000;000;000;000;000;000;000;000;000;000;000;000;000;000;000;000;00
System Base         ;                    ;             ;000217;FORELLE PEER            ;                    ;0003,20;0;0;kg   ;05;01;00;000;00;      ;000;000;000;00;000000000000;000;000;000;000;000;000;000;000;000;000;000;000;000;000;000;000;000;000;000;000;00
System Base         ;                    ;             ;000218;PERZIK WIT              ;                    ;0004,99;0;0;kg   ;05;01;00;000;00;      ;000;000;000;00;000000      ;000;000;000;000;000;000;000;000;000;000;000;000;000;000;000;000;000;000;000;000;00
System Base         ;                    ;             ;000219;AUGURKEN                ;                    ;0005,99;0;0;kg   ;00;01;00;000;00;      ;000;000;000;00;000000000000;000;000;000;000;000;000;000;000;000;000;000;000;000;000;000;000;000;000;000;000;00
System Base         ;                    ;             ;000220;HALF OOGST APPEL        ;                    ;0002,75;0;0;kg   ;00;01;00;000;00;      ;000;000;000;00;000000000000;000;000;000;000;000;000;000;000;000;000;000;000;000;000;000;000;000;000;000;000;00
System Base         ;                    ;             ;000221;STOOFPEER               ;                    ;0001,50;0;0;kg   ;05;01;00;000;00;      ;000;000;000;00;000000000000;000;000;000;000;000;000;000;000;000;000;000;000;000;000;000;000;000;000;000;000;00
System Base         ;                    ;             ;000222;BELG. DRUIF RIBIER      ;                    ;0023,00;0;0;kg   ;05;01;00;000;00;      ;000;000;000;00;000000000000;000;000;000;000;000;000;000;000;000;000;000;000;000;000;000;000;000;000;000;000;00
System Base         ;                    ;             ;000223;REINE CLAUDE            ;                    ;0008,35;0;0;kg   ;05;01;00;000;00;      ;000;000;000;00;000000000000;000;000;000;000;000;000;000;000;000;000;000;000;000;000;000;000;000;000;000;000;00
System Base         ;                    ;             ;000224;TRIOMPH DE VIENNE       ;                    ;0002,70;0;0;kg   ;05;01;00;000;00;      ;000;000;000;00;000000000000;000;000;000;000;000;000;000;000;000;000;000;000;000;000;000;000;000;000;000;000;00
System Base         ;                    ;             ;000225;DELBARE APPEL           ;                    ;0001,75;0;0;kg   ;05;01;00;000;00;      ;000;000;000;00;000000000000;000;000;000;000;000;000;000;000;000;000;000;000;000;000;000;000;000;000;000;000;00
System Base         ;                    ;             ;000226;ROZE AJUIN              ;                    ;0003,40;0;0;kg   ;00;01;00;000;00;      ;000;000;000;00;000000000000;000;000;000;000;000;000;000;000;000;000;000;000;000;000;000;000;000;000;000;000;00
System Base         ;                    ;             ;000227;GEROOKTE AMANDEL        ;                    ;0019,80;0;0;kg   ;00;01;00;000;00;      ;000;000;000;00;000000000000;000;000;000;000;000;000;000;000;000;000;000;000;000;000;000;000;000;000;000;000;00
System Base         ;                    ;             ;000228;PECAN NOOT              ;                    ;0021,50;0;0;kg   ;00;01;00;000;00;      ;000;000;000;00;000000000000;000;000;000;000;000;000;000;000;000;000;000;000;000;000;000;000;000;000;000;000;00
System Base         ;                    ;             ;000229;Roze aardappel          ;                    ;0002,40;0;0;kg   ;00;01;00;000;00;      ;000;000;000;00;000000000000;000;000;000;000;000;000;000;000;000;000;000;000;000;000;000;000;000;000;000;000;00
System Base         ;                    ;             ;000230;KWEEPEER                ;                    ;0002,80;0;0;kg   ;00;01;00;000;00;      ;000;000;000;00;000000000000;000;000;000;000;000;000;000;000;000;000;000;000;000;000;000;000;000;000;000;000;00
System Base         ;                    ;             ;000231;BREABURN APPEL          ;                    ;0002,40;0;0;kg   ;05;01;00;000;00;      ;000;000;000;00;000000000000;000;000;000;000;000;000;000;000;000;000;000;000;000;000;000;000;000;000;000;000;00
System Base         ;                    ;             ;000232;MANDARIJN               ;                    ;0003,25;0;0;kg   ;05;01;00;000;00;      ;000;000;000;00;000000      ;000;000;000;000;000;000;000;000;000;000;000;000;000;000;000;000;000;000;000;000;00
System Base         ;                    ;             ;000233;KAKI                    ;                    ;0000,99;0;1;PZ   ;05;01;00;000;00;      ;000;000;000;00;000000000000;000;000;000;000;000;000;000;000;000;000;000;000;000;000;000;000;000;000;000;000;00
System Base         ;                    ;             ;000234;RED MODOC               ;                    ;0003,35;0;0;kg   ;05;01;00;000;00;      ;000;000;000;00;000000000000;000;000;000;000;000;000;000;000;000;000;000;000;000;000;000;000;000;000;000;000;00
System Base         ;                    ;             ;000235;OKKERNOOT               ;                    ;0004,50;0;0;kg   ;05;01;00;000;00;      ;000;000;000;00;000000000000;000;000;000;000;000;000;000;000;000;000;000;000;000;000;000;000;000;000;000;000;00
System Base         ;                    ;             ;000236;LYCHEE                  ;                    ;0008,00;0;0;kg   ;05;01;00;000;00;      ;000;000;000;00;000000000000;000;000;000;000;000;000;000;000;000;000;000;000;000;000;000;000;000;000;000;000;00
System Base         ;                    ;             ;000237;KANZI                   ;                    ;0003,20;0;0;kg   ;05;01;00;000;00;      ;000;000;000;00;000000000000;000;000;000;000;000;000;000;000;000;000;000;000;000;000;000;000;000;000;000;000;00
System Base         ;                    ;             ;000238;CANTHARELLE             ;of HANEKAM          ;0021,50;0;0;kg   ;05;01;00;000;00;      ;000;000;000;00;000000000000;000;000;000;000;000;000;000;000;000;000;000;000;000;000;000;000;000;000;000;000;00
System Base         ;                    ;             ;000239;APPELSIEN LA COLOMBE    ;                    ;0002,45;0;0;kg   ;04;01;00;000;00;      ;000;000;000;00;000000000000;000;000;000;000;000;000;000;000;000;000;000;000;000;000;000;000;000;000;000;000;00
System Base         ;                    ;             ;000240;PAKSOI                  ;                    ;0002,75;0;1;PZ   ;01;01;00;000;00;      ;000;000;000;00;000000000000;000;000;000;000;000;000;000;000;000;000;000;000;000;000;000;000;000;000;000;000;00
System Base         ;                    ;             ;000241;HUTSEPOT                ;                    ;0003,25;0;1;PZ   ;10;01;00;000;00;      ;000;000;000;00;000000000000;000;000;000;000;000;000;000;000;000;000;000;000;000;000;000;000;000;000;000;000;00
System Base         ;                    ;             ;000242;APPELSIEN ONBESPOTEN    ;                    ;0004,32;0;0;kg   ;05;01;00;000;00;      ;000;000;000;00;000000      ;000;000;000;000;000;000;000;000;000;000;000;000;000;000;000;000;000;000;000;000;00
System Base         ;                    ;             ;000243;HONINGTOMATENKETCHUP    ;                    ;0004,40;0;1;PZ   ;10;01;00;000;00;      ;000;000;000;00;000000000000;000;000;000;000;000;000;000;000;000;000;000;000;000;000;000;000;000;000;000;000;00
System Base         ;                    ;             ;000244;HONING POMELO           ;                    ;0003,00;0;1;PZ   ;05;01;00;000;00;      ;000;000;000;00;000000000000;000;000;000;000;000;000;000;000;000;000;000;000;000;000;000;000;000;000;000;000;00
System Base         ;                    ;             ;000245;PISTACHENOTEN           ;                    ;0024,00;0;0;kg   ;10;01;00;000;00;      ;000;000;000;00;000000000000;000;000;000;000;000;000;000;000;000;000;000;000;000;000;000;000;000;000;000;000;00
System Base         ;                    ;             ;000246;MINI PAPR. SWEETBITE    ;                    ;0015,99;0;0;kg   ;04;01;00;000;00;      ;000;000;000;00;000000000000;000;000;000;000;000;000;000;000;000;000;000;000;000;000;000;000;000;000;000;000;00
System Base         ;                    ;             ;000247;SPAANSE PEPERS          ;                    ;0009,50;0;0;kg   ;04;01;00;000;00;      ;000;000;000;00;000000000000;000;000;000;000;000;000;000;000;000;000;000;000;000;000;000;000;000;000;000;000;00
System Base         ;                    ;             ;000248;MINIPRUIM TROSTOMAAT    ;                    ;0009,00;0;0;kg   ;04;01;00;000;00;      ;000;000;000;00;000000000000;000;000;000;000;000;000;000;000;000;000;000;000;000;000;000;000;000;000;000;000;00
System Base         ;                    ;             ;000249;GEMALEN KOKOS           ;                    ;0002,55;0;1;PZ   ;10;01;00;000;00;      ;000;000;000;00;000000000000;000;000;000;000;000;000;000;000;000;000;000;000;000;000;000;000;000;000;000;000;00
System Base         ;                    ;             ;000250;ZOETE UIEN              ;                    ;0004,50;0;0;kg   ;04;01;00;000;00;      ;000;000;000;00;000000000000;000;000;000;000;000;000;000;000;000;000;000;000;000;000;000;000;000;000;000;000;00
System Base         ;                    ;             ;000251;DRAGON                  ;                    ;0018,92;0;0;kg   ;09;01;00;000;00;      ;000;000;000;00;000000000000;000;000;000;000;000;000;000;000;000;000;000;000;000;000;000;000;000;000;000;000;00
System Base         ;                    ;             ;000252;PAASBLOEM               ;                    ;0002,70;0;1;PZ   ;10;01;00;000;00;      ;000;000;000;00;000000000000;000;000;000;000;000;000;000;000;000;000;000;000;000;000;000;000;000;000;000;000;00
System Base         ;                    ;             ;000253;HONEY SUGAR MIXROYAL    ;                    ;0026,00;0;0;kg   ;10;01;00;000;00;      ;000;000;000;00;000000000000;000;000;000;000;000;000;000;000;000;000;000;000;000;000;000;000;000;000;000;000;00
System Base         ;                    ;             ;000254;GEKONFIJTE GEMBER       ;                    ;0015,75;0;0;kg   ;10;01;00;000;00;      ;000;000;000;00;000000000000;000;000;000;000;000;000;000;000;000;000;000;000;000;000;000;000;000;000;000;000;00
System Base         ;                    ;             ;000255;GOLDEN NUGGET           ;                    ;0003,40;0;0;kg   ;05;01;00;000;00;      ;000;000;000;00;000000000000;000;000;000;000;000;000;000;000;000;000;000;000;000;000;000;000;000;000;000;000;00
System Base         ;                    ;             ;000256;PEERSTROOP VROLINGEN    ;                    ;0003,50;0;1;PZ   ;00;01;00;000;00;      ;000;000;000;00;000000000000;000;000;000;000;000;000;000;000;000;000;000;000;000;000;000;000;000;000;000;000;00
System Base         ;                    ;             ;000257;APPELSTROOP VROLINGE    ;                    ;0003,75;0;1;PZ   ;00;01;00;000;00;      ;000;000;000;00;000000000000;000;000;000;000;000;000;000;000;000;000;000;000;000;000;000;000;000;000;000;000;00
System Base         ;                    ;             ;000258;SCHENK VROLINGEN        ;                    ;0004,00;0;1;PZ   ;00;01;00;000;00;      ;000;000;000;00;000000000000;000;000;000;000;000;000;000;000;000;000;000;000;000;000;000;000;000;000;000;000;00
System Base         ;                    ;             ;000259;HONING                  ;                    ;0007,50;0;1;PZ   ;00;01;00;000;00;      ;000;000;000;00;000000000000;000;000;000;000;000;000;000;000;000;000;000;000;000;000;000;000;000;000;000;000;00
System Base         ;                    ;             ;000260;PEER ANGELYS            ;                    ;0004,60;0;0;kg   ;05;01;00;000;00;      ;000;000;000;00;000000000000;000;000;000;000;000;000;000;000;000;000;000;000;000;000;000;000;000;000;000;000;00
System Base         ;                    ;             ;000261;CHEEKY CAPE ROSE        ;                    ;0003,85;0;0;kg   ;05;01;00;000;00;      ;000;000;000;00;000000000000;000;000;000;000;000;000;000;000;000;000;000;000;000;000;000;000;000;000;000;000;00
System Base         ;                    ;             ;000262;TRUFFEL                 ;                    ;1650,00;0;0;kg   ;10;01;00;000;00;      ;000;000;000;00;000000000000;000;000;000;000;000;000;000;000;000;000;000;000;000;000;000;000;000;000;000;000;00
System Base         ;                    ;             ;000263;MELOEN SNOWBALL         ;                    ;0002,30;0;1;PZ   ;05;01;00;000;00;      ;000;000;000;00;000000      ;000;000;000;000;000;000;000;000;000;000;000;000;000;000;000;000;000;000;000;000;00
System Base         ;                    ;             ;000264;JALAPENO PEPERS         ;                    ;0010,80;0;0;kg   ;04;01;00;000;00;      ;000;000;000;00;000000000000;000;000;000;000;000;000;000;000;000;000;000;000;000;000;000;000;000;000;000;000;00
System Base         ;                    ;             ;000265;FINO FRESCO DOOSJE      ;                    ;0001,85;0;1;PZ   ;04;01;00;000;00;      ;000;000;000;00;000000000000;000;000;000;000;000;000;000;000;000;000;000;000;000;000;000;000;000;000;000;000;00
System Base         ;                    ;             ;000266;ANANAS AARDBEI          ;                    ;0003,90;0;1;PZ   ;05;01;00;000;00;      ;000;000;000;00;000000000000;000;000;000;000;000;000;000;000;000;000;000;000;000;000;000;000;000;000;000;000;00
System Base         ;                    ;             ;000267;FRAMBOOS AARDBEI        ;                    ;0003,90;0;1;PZ   ;05;01;00;000;00;      ;000;000;000;00;000000000000;000;000;000;000;000;000;000;000;000;000;000;000;000;000;000;000;000;000;000;000;00
System Base         ;                    ;             ;000268;CITRUS UGLI             ;                    ;0001,25;0;1;PZ   ;05;01;00;000;00;      ;000;000;000;00;000000000000;000;000;000;000;000;000;000;000;000;000;000;000;000;000;000;000;000;000;000;000;00
System Base         ;                    ;             ;000269;ZURKEL - ZURING         ;                    ;0004,50;0;0;kg   ;05;01;00;000;00;      ;000;000;000;00;000000000000;000;000;000;000;000;000;000;000;000;000;000;000;000;000;000;000;000;000;000;000;00
System Base         ;                    ;             ;000270;PAARSE BLOEMKOOL        ;                    ;0004,99;0;1;PZ   ;03;01;00;000;00;      ;000;000;000;00;000000000000;000;000;000;000;000;000;000;000;000;000;000;000;000;000;000;000;000;000;000;000;00
System Base         ;                    ;             ;000271;BERBER                  ;                    ;0002,15;0;0;kg   ;04;01;00;000;00;      ;000;000;000;00;000000000000;000;000;000;000;000;000;000;000;000;000;000;000;000;000;000;000;000;000;000;000;00
System Base         ;                    ;             ;000272;TROS PRUIM RUBY RED     ;                    ;0002,88;0;0;kg   ;04;01;00;000;00;      ;000;000;000;00;000000000000;000;000;000;000;000;000;000;000;000;000;000;000;000;000;000;000;000;000;000;000;00
System Base         ;                    ;             ;000273;TUINBOON                ;                    ;0004,40;0;0;kg   ;04;01;00;000;00;      ;000;000;000;00;000000000000;000;000;000;000;000;000;000;000;000;000;000;000;000;000;000;000;000;000;000;000;00
System Base         ;                    ;             ;000274;AARD. EERSTERLING       ;                    ;0003,40;0;0;kg   ;04;01;00;000;00;      ;000;000;000;00;000000000000;000;000;000;000;000;000;000;000;000;000;000;000;000;000;000;000;000;000;000;000;00
System Base         ;                    ;             ;000275;PLATTE NECTARINE        ;                    ;0006,12;0;0;kg   ;05;01;00;000;00;      ;000;000;000;00;            ;000;000;000;000;000;000;000;000;000;000;000;000;000;000;000;000;000;000;000;000;00
